MEME version 5

ALPHABET = ACGT

strands: + -

Background letter frequencies
A 0.353 C 0.144 G 0.146 T 0.357

MOTIF Mp8g08650
letter-probability matrix: alength= 4 w= 17
0.75 0.05 0.05 0.15
0.65 0.05 0.25 0.05
0.05 0.25 0.15 0.55
0.05 0.25 0.15 0.55
0.05 0.65 0.05 0.25
0.05 0.25 0.15 0.55
0.65 0.05 0.25 0.05
0.05 0.25 0.15 0.55
0.05 0.25 0.05 0.65
0.05 0.25 0.15 0.55
0.05 0.65 0.05 0.25
0.05 0.05 0.85 0.05
0.25 0.25 0.25 0.25
0.05 0.25 0.15 0.55
0.05 0.65 0.05 0.25
0.05 0.65 0.05 0.25
0.05 0.25 0.05 0.65
